16
6563796f4a207962abc4567982796c54 5
12312312312312312312312312312312 5
12544545454545456656565654545655 5
01010101010101010101010101101010 5
54325665165411616516132654648432 5
a15612654f51321654f5216121f651f5 5
ca65411c546546516488788652654256 5
b2365454894651561616516546546468 5
21354651651646487979846546484894 5
56165184616546513200635164648641 5
06514654984981654149844848488510 5
65654654655555555555546515150055 5
05196848946516516848641651061688 5
06516464615650651644616065165468 5
06156484964961616063212154684651 5